Version 0.9.7
5
 4 10 175 77 128 0 1
 5 80 400 206 81 2 2
 0 107 159 877 276 8 3
 1 148 454 206 81 140 4
 6 328 13 449 130 150 5
 0
31
 4227327 5 71 189 71 189 79 189 79 40 344 40 344 40 0 1 0 5
 4227327 5 71 202 71 202 71 194 160 194 160 186 160 186 0 1 0 3
 0 5 71 249 93 249 93 167 160 167 160 173 160 173 0 1 0 3
 0 5 264 173 264 173 272 173 272 225 264 225 264 225 0 3 0 3
 0 5 251 238 251 238 251 238 264 238 264 238 264 238 0 3 0 3
 33023 5 71 228 71 228 97 228 97 420 160 420 160 420 0 1 0 3
 33023 5 173 420 173 420 173 465 173 465 163 465 163 465 0 3 0 4
 33023 5 264 420 264 420 273 420 273 380 264 380 264 368 0 3 0 3
 0 5 71 288 71 288 71 523 71 523 163 523 163 523 0 1 0 4
 16744448 5 204 465 204 465 207 465 207 368 212 368 212 368 0 4 0 3
 16744448 5 223 465 223 442 230 442 230 368 238 368 238 368 0 4 0 3
 16744448 5 242 465 242 465 250 465 250 394 303 394 303 368 0 4 0 3
 32768 5 318 465 318 452 297 452 297 368 290 368 290 368 0 4 0 3
 32768 5 299 465 299 460 283 460 283 380 251 380 251 368 0 4 0 3
 32768 5 337 465 337 465 337 214 277 214 277 225 277 225 0 4 0 3
 32768 5 280 465 280 447 194 447 194 225 212 225 212 225 0 4 0 3
 16744448 5 261 465 261 439 315 439 315 203 290 203 290 225 0 4 0 3
 4227327 5 381 186 381 186 381 186 381 225 381 225 381 225 0 3 0 3
 0 5 71 275 71 275 71 275 71 407 160 407 160 407 0 1 0 3
 0 5 472 407 472 407 472 407 472 368 472 368 472 368 0 3 0 3
 8388736 5 420 225 420 225 420 163 365 163 365 136 365 136 0 3 0 5
 8388736 5 433 225 433 225 433 157 378 157 378 136 378 136 0 3 0 5
 8388736 5 446 225 451 225 451 152 391 152 391 136 391 136 0 3 0 5
 8388736 5 459 225 459 225 459 151 413 151 413 136 404 136 0 3 0 5
 8388736 5 472 225 472 225 470 225 470 145 417 145 417 136 0 3 0 5
 8388736 5 394 225 394 196 429 196 429 136 430 136 430 136 0 3 0 5
 8388736 5 407 225 407 225 440 225 440 136 443 136 443 136 0 3 0 5
 16744703 5 303 225 355 225 355 376 459 376 459 368 459 368 0 3 0 3
 16744703 5 277 368 277 368 277 372 381 372 381 368 381 368 0 3 0 3
 16744703 5 225 368 225 368 225 389 394 389 394 368 394 368 0 3 0 3
 16744703 5 225 225 225 197 505 197 505 360 446 360 446 368 0 3 0 3
2
 7047 1 16 375 277 5 0 14944000 0 3
 7083 1 16 206 277 5 0 14944000 0 3
