Version 0.9.7
5
 4 10 175 77 128 0 1
 5 80 400 206 81 2 2
 0 108 126 877 276 8 3
 1 331 25 206 81 140 5
 3 704 415 203 58 150 7
 0
51
 255 5 71 189 71 189 71 153 71 153 161 153 161 153 0 1 0 3
 0 5 71 288 71 288 76 288 76 374 161 374 161 374 0 1 0 3
 0 5 317 374 317 374 317 374 317 335 317 335 317 335 0 3 0 3
 0 5 447 374 447 374 447 374 447 335 447 335 447 335 0 3 0 3
 255 5 239 153 239 153 239 153 239 192 239 192 239 192 0 3 0 3
 255 5 369 153 369 153 369 153 369 192 369 192 369 192 0 3 0 3
 255 5 486 153 486 153 486 153 486 192 486 192 486 192 0 3 0 3
 255 5 161 140 161 140 161 44 346 44 346 36 346 36 0 3 0 5
 0 5 564 335 564 335 564 335 564 374 564 374 564 374 0 3 0 3
 0 5 317 309 317 316 338 316 338 94 346 94 346 94 0 3 0 5
 12615935 5 463 36 453 36 453 111 291 111 291 192 291 192 0 5 0 3
 12615935 5 444 36 435 36 435 104 252 104 252 192 252 192 0 5 0 3
 16711680 5 501 36 494 36 494 118 266 118 266 192 265 192 0 5 0 3
 16711680 5 520 36 520 36 509 36 509 124 304 124 304 192 0 5 0 3
 12615935 5 291 205 291 205 291 211 421 211 421 205 421 205 0 3 0 3
 16711680 5 304 218 304 218 304 225 434 225 434 218 434 218 0 3 0 3
 16744703 5 252 231 252 231 252 231 382 231 382 231 382 231 0 3 0 3
 16711680 5 265 218 265 218 265 218 395 218 395 218 395 218 0 3 0 3
 0 5 954 335 954 360 918 360 918 374 915 374 915 374 0 3 0 3
 0 5 824 335 824 335 824 335 824 374 824 374 824 374 0 3 0 3
 255 5 863 192 863 192 863 192 863 153 863 153 863 153 0 3 0 3
 255 5 733 192 733 192 733 192 733 153 733 153 733 153 0 3 0 3
 65280 5 317 192 325 192 325 303 772 303 772 296 772 296 0 3 0 3
 65280 5 278 192 278 192 278 234 844 234 844 296 902 296 0 3 0 3
 16776960 5 447 192 447 192 453 192 453 289 759 289 759 309 0 3 0 3
 16776960 5 408 192 363 192 363 316 889 316 889 309 889 309 0 3 0 3
 16744703 5 421 192 421 192 421 199 551 199 551 205 551 205 0 3 0 3
 16744703 5 382 205 382 205 382 205 525 205 525 205 525 205 0 3 0 3
 12615808 5 538 218 469 218 469 350 876 350 876 335 876 335 0 3 0 3
 0 5 715 452 715 452 681 452 681 452 681 374 681 374 0 7 0 3
 0 5 954 296 954 296 954 296 941 296 941 296 941 296 0 3 0 3
 0 5 824 296 824 296 824 296 811 296 811 296 811 296 0 3 0 3
 0 5 954 231 954 231 974 231 974 309 954 309 954 309 0 3 0 3
 0 5 824 231 824 231 832 231 832 309 824 309 824 309 0 3 0 3
 10526880 5 941 218 941 218 941 218 811 218 811 218 811 218 0 3 0 3
 10526880 5 928 205 928 205 928 205 798 205 798 205 798 205 0 3 0 3
 12615808 5 564 192 564 192 573 192 573 343 746 343 746 335 0 3 0 3
 255 5 174 140 174 140 174 140 174 153 174 153 174 153 0 3 0 3
 11579568 5 387 36 387 36 387 17 941 17 941 192 941 192 0 5 0 3
 11579568 5 928 192 928 192 928 27 406 27 406 36 406 36 0 3 0 5
 4227327 5 915 335 915 335 913 335 913 480 870 480 870 459 0 3 0 7
 4227327 5 785 335 785 335 785 405 903 405 903 459 890 459 0 3 0 7
 4227072 5 694 192 694 198 714 198 714 328 733 328 733 335 0 3 0 3
 16711680 5 668 192 668 192 668 184 349 184 349 205 304 205 0 3 0 3
 16744703 5 551 192 551 192 551 177 681 177 681 192 681 192 0 3 0 3
 255 5 616 192 616 192 616 192 616 153 616 153 616 153 0 3 0 3
 0 5 694 335 694 335 694 335 694 374 694 374 694 374 0 3 0 3
 0 5 928 387 928 387 928 387 928 374 928 374 928 374 0 3 0 3
 16711680 5 265 205 265 205 265 214 642 214 642 192 642 192 0 3 0 3
 16744703 5 252 205 260 205 260 171 629 171 629 192 629 192 0 3 0 3
 4227072 5 655 192 655 211 855 211 855 335 863 335 863 335 0 3 0 3
6
 7008 1 14 233 244 5 0 4214488 1996441280 3
 7032 1 14 363 244 5 0 4214488 1996441280 3
 7004 1 14 480 244 5 0 4214488 1996441280 3
 7151 1 16 727 244 5 0 4214488 1996441280 3
 7151 1 16 857 244 5 0 4214488 1996441280 3
 7086 1 14 610 244 5 0 4214488 1996441280 3
