Version 0.9.7
7
 4 10 175 77 128 0 1
 5 80 400 206 81 2 2
 0 240 125 877 276 8 3
 3 645 410 203 58 140 4
 1 286 537 206 81 159 6
 1 335 13 206 81 169 7
 1 598 13 206 81 189 9
 0
30
 255 5 71 189 71 189 71 146 293 146 293 152 293 152 0 1 0 3
 0 5 71 288 71 288 71 373 71 373 293 373 293 373 0 1 0 3
 255 5 306 152 306 152 306 152 306 139 306 139 306 139 0 3 0 3
 255 5 579 139 579 139 579 24 579 24 613 24 613 24 0 3 0 9
 255 5 319 139 319 139 319 24 319 24 350 24 350 24 0 3 0 7
 0 5 1060 373 1060 373 1124 373 1124 101 613 101 613 82 0 3 0 9
 0 5 1060 386 1060 385 1148 385 1148 110 350 110 350 82 0 3 0 7
 0 5 656 447 656 447 631 447 631 447 631 386 631 386 0 4 0 3
 0 5 1047 386 1047 386 1047 386 1047 373 1047 373 1047 373 0 3 0 3
 0 5 301 606 301 606 284 606 284 386 293 386 293 386 0 6 0 3
 255 5 301 548 301 548 222 548 222 139 293 139 293 139 0 6 0 3
 255 5 410 191 410 191 410 191 410 152 410 152 410 152 0 3 0 3
 0 5 553 334 553 334 553 334 553 373 553 373 553 373 0 3 0 3
 16744703 5 514 334 517 334 517 477 832 477 832 454 831 454 0 3 0 4
 16744703 5 527 334 527 334 527 470 811 470 811 454 811 454 0 3 0 4
 16744703 5 540 334 540 334 540 487 791 487 791 454 791 454 0 3 0 4
 16744703 5 553 230 553 230 553 230 566 230 566 230 566 230 0 3 0 3
 16744703 5 566 243 566 243 566 501 771 501 771 454 771 454 0 3 0 4
 8453888 5 475 334 475 334 475 334 475 548 475 548 475 548 0 3 0 6
 8453888 5 462 334 462 334 462 548 462 548 456 548 456 548 0 3 0 6
 8453888 5 449 334 449 342 446 342 446 548 437 548 437 548 0 3 0 6
 8453888 5 436 334 436 346 426 346 426 548 418 548 418 548 0 3 0 6
 65535 5 787 24 810 24 810 318 410 318 410 295 410 295 0 9 0 3
 65535 5 768 24 777 24 777 165 436 165 436 191 436 191 0 9 0 3
 65535 5 749 24 759 24 759 172 462 172 462 191 462 191 0 9 0 3
 65535 5 488 191 488 191 488 180 739 180 739 24 730 24 0 3 0 9
 16744448 5 423 334 423 344 263 344 263 8 524 8 524 24 0 3 0 7
 16744448 5 423 191 423 191 423 0 505 0 505 24 505 24 0 3 0 7
 16744448 5 449 191 456 191 456 15 486 15 486 24 486 24 0 3 0 7
 16744448 5 475 191 475 191 476 191 476 24 467 24 467 24 0 3 0 7
1
 7181 1 24 404 243 5 0 14652768 0 3
