Version 0.9.7
5
 4 10 175 77 128 0 1
 5 80 400 206 81 2 2
 0 130 130 877 276 8 3
 1 159 431 206 81 140 4
 3 470 422 203 58 150 5
 0
25
 33023 5 71 189 71 189 71 168 183 168 183 157 183 157 0 1 0 3
 33023 5 261 157 261 157 261 157 261 196 261 196 261 196 0 3 0 3
 64 5 71 288 71 288 71 288 71 378 183 378 183 378 0 1 0 3
 64 5 339 378 339 378 342 378 342 339 339 339 339 339 0 3 0 3
 33023 5 378 157 378 157 378 157 378 196 378 196 378 196 0 3 0 3
 64 5 456 339 456 339 456 339 456 378 456 378 456 378 0 3 0 3
 16711680 5 261 313 261 313 261 313 378 313 378 313 378 313 0 3 0 3
 32768 5 274 326 274 326 274 326 391 326 391 326 391 326 0 3 0 3
 64 5 469 378 469 378 469 459 469 459 481 459 481 459 0 3 0 5
 64 5 174 500 174 500 183 500 183 500 183 391 183 391 0 4 0 3
 64 5 196 378 196 378 196 378 196 391 196 391 196 391 0 3 0 3
 33023 5 71 228 71 228 71 238 88 238 88 442 174 442 0 1 0 4
 32768 5 274 339 274 339 274 442 274 442 272 442 272 442 0 3 0 4
 16711680 5 261 339 261 339 261 442 261 442 253 442 253 442 0 3 0 4
 65535 5 234 442 234 442 234 425 310 425 310 339 313 339 0 4 0 3
 16711935 5 287 339 287 339 287 339 300 339 300 339 300 339 0 3 0 3
 12615680 5 313 300 313 300 313 291 417 291 417 300 417 300 0 3 0 3
 12615935 5 300 300 300 300 300 306 430 306 430 300 430 300 0 3 0 3
 33023 5 534 196 534 196 534 196 534 157 534 157 534 157 0 3 0 3
 33023 5 196 144 196 144 196 144 196 157 196 157 196 157 0 3 0 3
 64 5 612 339 612 339 612 339 612 378 612 378 612 378 0 3 0 3
 8388736 5 326 339 326 350 374 350 374 474 536 474 536 466 0 3 0 5
 8421440 5 443 326 443 326 443 321 534 321 534 326 534 326 0 3 0 3
 12632256 5 404 339 404 339 404 333 547 333 547 339 547 339 0 3 0 3
 5263440 5 560 339 560 339 560 427 502 427 502 466 516 466 0 3 0 5
3
 7086 1 14 255 248 5 0 4214488 2008041152 3
 7008 1 14 372 248 5 0 4214488 2008041152 3
 7032 1 14 528 248 5 0 4214488 2008041152 3
